1730996339.542466,0
1730996339.652344,12
1730996339.760573,20
1730996339.868005,27
1730996339.982200,34
1730996340.090551,41
1730996340.201959,49
1730996340.309839,57
1730996340.418433,65
1730996340.526419,73
1730996340.634291,82
1730996340.744231,88
1730996340.854458,95
1730996340.963360,100
1730996341.073080,100
1730996341.181814,100
1730996341.289843,100
1730996341.401703,100
1730996341.510664,100
1730996341.618431,100
1730996341.726278,100
1730996341.835688,100
1730996341.943088,100
1730996342.050829,100
1730996342.167573,100
1730996342.275247,100
1730996342.382787,100
1730996342.490702,100
1730996342.600776,100
1730996342.708965,100
1730996342.817942,99
1730996342.926022,100
1730996343.034018,99
1730996343.142235,100
1730996343.249987,100
1730996343.357905,100
1730996343.464780,100
1730996343.572199,100
1730996343.680020,100
1730996343.787607,100
1730996343.894933,100
1730996344.001809,100
1730996344.109287,100
1730996344.216750,100
1730996344.324817,100
1730996344.432618,100
1730996344.540052,100
1730996344.647385,100
1730996344.754268,99
1730996344.862757,100
1730996344.970906,100
1730996345.079006,99
1730996345.189212,100
1730996345.296572,99
1730996345.403242,100
1730996345.511360,100
1730996345.618820,100
1730996345.727331,100
1730996345.835311,100
1730996345.942239,99
1730996346.049342,99
1730996346.156907,100
1730996346.264530,100
1730996346.372481,100
1730996346.480053,100
1730996346.587413,100
1730996346.694866,100
1730996346.802183,100
1730996346.909465,100
1730996347.016999,100
1730996347.124876,97
1730996347.232578,90
1730996347.340149,84
1730996347.447648,77
1730996347.555598,78
1730996347.663779,79
1730996347.771227,80
1730996347.879160,81
1730996347.987134,80
1730996348.095832,81
1730996348.204032,82
1730996348.311673,81
1730996348.419539,79
1730996348.527153,79
1730996348.634977,80
1730996348.742341,81
1730996348.849945,81
1730996348.957094,81
1730996349.064741,80
1730996349.172651,80
1730996349.280298,79
1730996349.387367,80
1730996349.494893,81
1730996349.603560,81
1730996349.712491,81
1730996349.820892,81
1730996349.929224,81
1730996350.038955,81
1730996350.149048,81
1730996350.257801,81
1730996350.364972,81
1730996350.472037,82
1730996350.584876,82
1730996350.693681,80
1730996350.800184,79
1730996350.906676,80
1730996351.015841,80
1730996351.124581,80
1730996351.236483,80
1730996351.344180,80
1730996351.452561,78
1730996351.560703,78
1730996351.680315,77
1730996351.794856,77
1730996351.902727,78
1730996352.010533,78
1730996352.118421,76
1730996352.225909,75
1730996352.336039,73
1730996352.448447,72
1730996352.556411,74
1730996352.664824,74
1730996352.773202,73
1730996352.882874,72
1730996352.989787,72
1730996353.098434,72
1730996353.208925,72
1730996353.317501,70
1730996353.426736,71
1730996353.535845,71
1730996353.642453,71
1730996353.758559,70
1730996353.867000,70
1730996353.974215,70
1730996354.082122,69
1730996354.190377,69
1730996354.300178,69
1730996354.407885,68
1730996354.516057,67
1730996354.623276,67
1730996354.729785,67
1730996354.836460,68
1730996354.944296,68
1730996355.051941,67
1730996355.159550,67
1730996355.267681,68
1730996355.374102,67
1730996355.482849,67
1730996355.590478,67
1730996355.698287,66
1730996355.806619,66
1730996355.917902,66
1730996356.025422,65
1730996356.136387,65
1730996356.245309,65
1730996356.379869,64
1730996356.488737,64
1730996356.598612,65
1730996356.724355,66
1730996356.855438,67
1730996356.987132,66
1730996357.131965,66
1730996357.249172,68
1730996357.361775,67
1730996357.476751,66
1730996357.584313,66
1730996357.722723,66
1730996357.834166,65
1730996357.943323,65
1730996358.051502,65
1730996358.159827,65
1730996358.269269,65
1730996358.380892,65
1730996358.489300,65
1730996358.596551,65
1730996358.708968,64
1730996358.816028,64
1730996358.923726,64
1730996359.031281,63
1730996359.138606,63
1730996359.245929,63
1730996359.353200,63
1730996359.461844,63
1730996359.570460,63
1730996359.677516,63
1730996359.785595,63
1730996359.894011,64
1730996360.002094,63
1730996360.109166,62
1730996360.216012,63
1730996360.322659,63
1730996360.429390,62
1730996360.536514,63
1730996360.643544,63
1730996360.751584,63
1730996360.859144,63
1730996360.966333,63
1730996361.076225,63
1730996361.183913,63
1730996361.292588,63
1730996361.401263,64
1730996361.508662,65
1730996361.616612,65
1730996361.727394,65
1730996361.839949,65
1730996361.947289,65
1730996362.055010,64
1730996362.162153,63
1730996362.272059,64
1730996362.378835,64
1730996362.488899,63
1730996362.596811,64
1730996362.704767,64
1730996362.811531,63
1730996362.918182,64
1730996363.025127,65
1730996363.132553,65
1730996363.245998,66
1730996363.354524,67
1730996363.464342,67
1730996363.575155,66
1730996363.682946,67
1730996363.790582,66
1730996363.898046,66
1730996364.012059,66
1730996364.119752,65
1730996364.226691,68
1730996364.335336,68
1730996364.443605,67
1730996364.554489,69
1730996364.661735,69
1730996364.769103,69
1730996364.877440,69
1730996364.984751,69
1730996365.092768,67
1730996365.201113,67
1730996365.310963,68
1730996365.418932,68
1730996365.527098,68
1730996365.636611,69
1730996365.746133,69
1730996365.855476,68
1730996365.965168,68
1730996366.073325,70
1730996366.180766,70
1730996366.288994,70
1730996366.397078,70
1730996366.504328,69
1730996366.612073,69
1730996366.719657,69
1730996366.828104,69
1730996366.936507,68
1730996367.044700,69
1730996367.154219,68
1730996367.262828,69
1730996367.371431,69
1730996367.479888,69
1730996367.589041,68
1730996367.697002,69
1730996367.805342,69
1730996367.913024,70
1730996368.020428,70
1730996368.133290,70
1730996368.241533,70
1730996368.350037,70
1730996368.457740,70
1730996368.568841,70
1730996368.676579,70
1730996368.783968,71
1730996368.892792,69
1730996369.000829,69
1730996369.112351,69
1730996369.224152,68
1730996369.335089,69
1730996369.442644,69
1730996369.550215,69
1730996369.658701,69
1730996369.767559,68
1730996369.875920,68
1730996369.984249,68
1730996370.093659,68
1730996370.201230,68
1730996370.307990,68
1730996370.415792,68
1730996370.526891,69
1730996370.635270,69
1730996370.744898,69
1730996370.852854,69
1730996370.961200,69
1730996371.069697,69
1730996371.177506,69
1730996371.285456,69
1730996371.393209,69
1730996371.501201,70
1730996371.618730,69
1730996371.736288,69
1730996371.847088,69
1730996371.955100,69
1730996372.063365,68
1730996372.171863,69
1730996372.281101,69
1730996372.389091,70
1730996372.504430,70
1730996372.612730,71
1730996372.720837,71
1730996372.830942,71
1730996372.938748,71
1730996373.046935,71
1730996373.155655,70
1730996373.266412,71
1730996373.374178,71
1730996373.481736,71
1730996373.592770,71
1730996373.708723,71
1730996373.816319,72
1730996373.925951,72
1730996374.033992,72
1730996374.141755,73
1730996374.250303,72
1730996374.357452,72
1730996374.464887,72
1730996374.576552,72
1730996374.683601,71
1730996374.790494,71
1730996374.897742,71
1730996375.004671,71
1730996375.111610,71
1730996375.218436,71
1730996375.325372,71
1730996375.433229,72
1730996375.540892,72
1730996375.648421,72
1730996375.757262,72
1730996375.865263,72
1730996375.973680,73
1730996376.081987,73
1730996376.189771,73
1730996376.298408,73
1730996376.410366,72
1730996376.525010,72
1730996376.632787,72
1730996376.745490,73
1730996376.854720,73
1730996376.962349,73
1730996377.078209,73
1730996377.205134,73
1730996377.313537,73
1730996377.429291,73
1730996377.538645,73
1730996377.648197,72
1730996377.758117,72
1730996377.868725,72
1730996377.976887,72
1730996378.090039,74
1730996378.197727,73
1730996378.305181,74
1730996378.419550,73
1730996378.528935,74
1730996378.639727,74
1730996378.767437,74
1730996378.879630,74
1730996378.990708,75
1730996379.118749,75
1730996379.229589,76
1730996379.337893,75
1730996379.448755,75
1730996379.556368,75
1730996379.663096,75
1730996379.769839,75
1730996379.878412,75
1730996379.985382,79
1730996380.093452,80
1730996380.201270,80
1730996380.308999,80
1730996380.416781,80
1730996380.525180,80
1730996380.633181,80
1730996380.740806,79
1730996380.848888,79
1730996380.956332,78
1730996381.063859,77
1730996381.172108,77
1730996381.280587,77
1730996381.389437,77
1730996381.497688,77
1730996381.604262,77
1730996381.717580,77
1730996381.825394,77
1730996381.933086,77
1730996382.041393,78
1730996382.148624,81
1730996382.256896,81
1730996382.364943,81
1730996382.472905,81
1730996382.580385,81
1730996382.688861,81
1730996382.796655,81
1730996382.903636,81
1730996383.013733,79
1730996383.122815,76
1730996383.230991,78
1730996383.338891,77
1730996383.454223,78
1730996383.562575,78
1730996383.673588,78
1730996383.782709,78
1730996383.892194,78
1730996384.000669,78
1730996384.108161,78
1730996384.215523,81
1730996384.326169,81
1730996384.433845,81
1730996384.541494,81
1730996384.648910,81
1730996384.756097,81
1730996384.864168,82
1730996384.971679,82
1730996385.079444,82
1730996385.186806,81
1730996385.296338,79
1730996385.404303,79
1730996385.511192,78
1730996385.618739,79
1730996385.725386,78
1730996385.832570,78
1730996385.940216,78
1730996386.047666,77
1730996386.155054,77
1730996386.262314,76
1730996386.370612,78
1730996386.487418,78
1730996386.595081,77
1730996386.701838,78
1730996386.809690,78
1730996386.917658,78
1730996387.030203,78
1730996387.139387,77
1730996387.245984,77
1730996387.353039,77
1730996387.460679,77
1730996387.568352,77
1730996387.677006,77
1730996387.785348,78
1730996387.893725,78
1730996388.000589,78
1730996388.108011,78
1730996388.217369,78
1730996388.324880,78
1730996388.433570,79
1730996388.540283,79
1730996388.647648,78
1730996388.755082,78
1730996388.863158,78
1730996388.971267,78
1730996389.079486,78
1730996389.186703,78
1730996389.293642,78
1730996389.402137,79
1730996389.510832,78
1730996389.622182,79
1730996389.729157,79
1730996389.835968,79
1730996389.945611,79
1730996390.064255,79
1730996390.172233,78
1730996390.280118,78
1730996390.388229,78
1730996390.498542,78
1730996390.606671,79
1730996390.714341,80
1730996390.822385,80
1730996390.930305,80
1730996391.038622,80
1730996391.148276,80
1730996391.256852,80
1730996391.364405,80
1730996391.472608,80
1730996391.580543,80
1730996391.688031,81
1730996391.795447,80
1730996391.902928,80
1730996392.010508,80
1730996392.117915,79
1730996392.224863,79
1730996392.332609,80
1730996392.441058,80
1730996392.548902,79
1730996392.656749,80
1730996392.764530,80
1730996392.871264,81
1730996392.983110,81
1730996393.090044,81
1730996393.197035,81
1730996393.304430,81
1730996393.411892,81
1730996393.520776,81
1730996393.629668,80
1730996393.737910,81
1730996393.845501,80
1730996393.952780,81
1730996394.060624,81
1730996394.168343,81
1730996394.278840,80
1730996394.386135,81
1730996394.493906,81
1730996394.601672,82
1730996394.709252,81
1730996394.818048,81
1730996394.926901,81
1730996395.042590,82
1730996395.151349,82
1730996395.261881,81
1730996395.373613,83
1730996395.488835,83
1730996395.598604,83
1730996395.709627,82
1730996395.818514,83
1730996395.925808,84
1730996396.037437,83
1730996396.146158,82
1730996396.256985,84
1730996396.371712,85
1730996396.487119,87
1730996396.593863,86
1730996396.707326,86
1730996396.815144,88
1730996396.922144,86
1730996397.033019,86
1730996397.140645,86
1730996397.254118,86
1730996397.362183,87
1730996397.469918,85
1730996397.581849,84
1730996397.690282,85
1730996397.799684,84
1730996397.909814,85
1730996398.018262,85
1730996398.126559,85
1730996398.242038,85
1730996398.353794,85
1730996398.461289,85
1730996398.569268,85
1730996398.678817,86
1730996398.789411,87
1730996398.900533,87
1730996399.007201,88
1730996399.115854,87
1730996399.225413,88
1730996399.334508,87
1730996399.443029,87
1730996399.550502,88
1730996399.659866,89
1730996399.767862,88
1730996399.876602,87
1730996399.984400,86
1730996400.092356,86
1730996400.203858,86
1730996400.311336,86
1730996400.419394,85
1730996400.526857,86
1730996400.633875,86
1730996400.742832,87
1730996400.851717,88
1730996400.960107,88
1730996401.068346,90
1730996401.270481,91
1730996401.381654,91
1730996401.491611,91
1730996401.606116,90
1730996401.716004,91
1730996401.826118,91
1730996401.934024,91
1730996402.042458,91
1730996402.157034,92
1730996402.272768,91
1730996402.429408,91
1730996402.549157,90
1730996402.658395,88
1730996402.766583,87
1730996402.880855,88
1730996402.992520,88
1730996403.107980,88
1730996403.230703,88
1730996403.349796,88
1730996403.458227,87
1730996403.565966,88
1730996403.673172,87
1730996403.781475,88
1730996403.889691,88
1730996404.003196,86
1730996404.111948,87
1730996404.224931,86
1730996404.339375,86
1730996404.456018,87
1730996404.566385,85
1730996404.674756,85
1730996404.785334,86
1730996404.893768,86
1730996405.006045,86
1730996405.115671,87
1730996405.222648,87
1730996405.331305,87
1730996405.446978,87
1730996405.555312,87
1730996405.662876,87
1730996405.770284,86
1730996405.877680,87
1730996405.985722,88
1730996406.093207,87
1730996406.200488,86
1730996406.307740,88
1730996406.415276,86
1730996406.522613,86
1730996406.630921,86
1730996406.739788,88
1730996406.853240,87
1730996406.978923,87
1730996407.130994,88
1730996407.238168,88
1730996407.346641,89
1730996407.455065,88
1730996407.563152,89
1730996407.674366,89
1730996407.786903,89
1730996407.899717,89
1730996408.006823,89
1730996408.113954,89
1730996408.222785,89
1730996408.337602,89
1730996408.445663,89
1730996408.553329,90
1730996408.661296,89
1730996408.770344,89
1730996408.884522,90
1730996408.993730,90
1730996409.102023,89
1730996409.210489,89
1730996409.319571,89
1730996409.427730,88
1730996409.539429,88
1730996409.647805,88
1730996409.757549,89
1730996409.866010,89
1730996409.978543,88
1730996410.086054,88
1730996410.194109,89
1730996410.302182,89
1730996410.416565,89
1730996410.526522,89
1730996410.634489,89
1730996410.743298,89
1730996410.851222,89
1730996410.959716,89
1730996411.067738,90
1730996411.177449,90
1730996411.295101,89
1730996411.402807,89
1730996411.511883,90
1730996411.623657,89
1730996411.732040,88
1730996411.841215,90
1730996411.949926,89
1730996412.059103,89
1730996412.166997,90
1730996412.276970,90
1730996412.391458,89
1730996412.499624,90
1730996412.607437,90
1730996412.718834,90
1730996412.833361,91
1730996412.944228,91
1730996413.052918,91
1730996413.162173,91
1730996413.271486,91
1730996413.379815,92
1730996413.489109,92
1730996413.597238,92
1730996413.704833,92
1730996413.812669,95
1730996413.920141,94
1730996414.027710,94
1730996414.135480,97
1730996414.242832,96
1730996414.350618,96
1730996414.459084,97
1730996414.567939,96
1730996414.675564,97
1730996414.782303,96
1730996414.889158,96
1730996414.996723,94
1730996415.105154,94
1730996415.214632,94
1730996415.331606,92
1730996415.439605,94
1730996415.549080,94
1730996415.656374,94
1730996415.764337,93
1730996415.871995,93
1730996415.980452,95
1730996416.088155,94
1730996416.196144,93
1730996416.303546,94
1730996416.410172,94
1730996416.518197,94
1730996416.629256,96
1730996416.738895,95
1730996416.847703,96
1730996416.956004,97
1730996417.064626,97
1730996417.172760,97
1730996417.281248,97
1730996417.389266,97
1730996417.498992,97
1730996417.614136,96
1730996417.722777,95
1730996417.831404,95
1730996417.942592,92
1730996418.050350,94
1730996418.158653,95
1730996418.266647,95
1730996418.374866,94
1730996418.481733,96
1730996418.588847,95
1730996418.700519,95
1730996418.808845,96
1730996418.922201,96
1730996419.031130,97
1730996419.139668,97
1730996419.254449,98
1730996419.361925,97
1730996419.469812,97
1730996419.580323,98
1730996419.711114,99
1730996419.822292,99
1730996419.932092,100
1730996420.040410,100
1730996420.148719,100
1730996420.263866,98
1730996420.371540,96
1730996420.478775,97
1730996420.586489,97
1730996420.693271,95
1730996420.800815,95
1730996420.908394,95
1730996421.016034,94
1730996421.123902,94
1730996421.231893,94
1730996421.340002,94
1730996421.449317,96
1730996421.558391,96
1730996421.666712,95
1730996421.774595,95
1730996421.883355,96
1730996421.997577,94
1730996422.108035,94
1730996422.216557,95
1730996422.327685,94
1730996422.440168,94
1730996422.547945,94
1730996422.656019,94
1730996422.764035,93
1730996422.877188,94
1730996422.984835,94
1730996423.093230,94
1730996423.201504,95
1730996423.308816,95
1730996423.422023,95
1730996423.544292,95
1730996423.661723,95
1730996423.771825,95
1730996423.879662,97
1730996423.986553,95
1730996424.094379,96
1730996424.211071,96
1730996424.319004,95
1730996424.427132,96
1730996424.534796,96
1730996424.642933,94
1730996424.790972,95
1730996424.900548,96
1730996425.014452,96
1730996425.123273,95
1730996425.232736,96
1730996425.344542,98
1730996425.452958,98
1730996425.561290,98
1730996425.669764,97
1730996425.777237,97
1730996425.884629,97
1730996425.992640,97
1730996426.101718,97
1730996426.216788,97
1730996426.334313,97
1730996426.461573,97
1730996426.570973,97
1730996426.682042,96
1730996426.790116,96
1730996426.899837,97
1730996427.007014,97
1730996427.114770,96
1730996427.221708,97
1730996427.330824,98
1730996427.438782,96
1730996427.552937,97
1730996427.661311,97
1730996427.769564,97
1730996427.882803,96
1730996427.990487,97
1730996428.101550,96
1730996428.213540,97
1730996428.321373,97
1730996428.431315,97
1730996428.539583,96
1730996428.649815,97
1730996428.759066,96
1730996428.874618,96
1730996428.988781,96
1730996429.106103,97
1730996429.216767,97
1730996429.326907,97
1730996429.436752,97
1730996429.552840,98
1730996429.662181,97
1730996429.770386,98
1730996429.880227,98
1730996429.988795,97
1730996430.099711,98
1730996430.207855,98
1730996430.319082,98
1730996430.435657,96
1730996430.552707,98
1730996430.663596,98
